,zon,zon_ef,mer,mer_perp,mer_parl,N,nui,R,F,E,ratio,ge,K
2013-12-24 20:00:00,-20.38781252530154,-49.10327644513133,89.38020030267,-3.6639952623991174,88.61369156630599,9.8817395748321e+17,1.9992963195675002,0.001451804943159815,77.71004382404166,48.63632125661676,0.6150556351536687,8.948408868215399,3.90398992587485e-05
2013-12-24 20:10:00,-4.513860863577909,-35.34861906993747,93.1104525466358,-3.484749470999013,86.96278157614175,1.0042250502480627e+18,1.95684539224768,0.0014136296840490407,77.38141782928204,43.483641646651094,0.6402298411534755,8.948408868215399,3.8618399911400384e-05
2013-12-24 20:20:00,11.734330479379881,-21.33608887939912,97.12246333986101,-3.315372415826592,85.44549483941077,1.0207286987558285e+18,1.9190762329722144,0.0013789855531825556,77.17875353976018,38.10060081534984,0.6694932841314881,8.948408868215399,3.8052276140360775e-05
2013-12-24 20:30:00,28.19782761985042,-7.1898924019145145,101.33942825820613,-3.1484556607531378,84.04182568963546,1.0361066270172759e+18,1.8857145078990034,0.0013476924386041137,76.97112382291678,32.48690623764147,0.7032021659839126,8.948408868215399,3.7398931769155874e-05
2013-12-24 20:40:00,44.70172794970393,6.955212403630989,105.6706572024327,-2.9754808173228406,82.72391216322481,1.048957187398191e+18,1.8565543357056955,0.0013197747754806954,76.65265764238002,26.704206489324264,0.741631030375535,8.948408868215399,3.672008625854224e-05
2013-12-24 20:50:00,61.01843098648902,20.920204815036136,110.0079510135293,-2.786841265906385,81.46361225530964,1.0584584386811372e+18,1.832119536224662,0.00129633097491892,76.19627505359958,20.946350080096718,0.7843752930161348,8.948408868215399,3.605956703251434e-05
2013-12-24 21:00:00,82.26770991866968,40.59322876709092,111.05680984114704,-2.6258029965756053,75.51402640300667,1.0645975261800689e+18,1.8135413263151574,0.0012795310176369552,75.66720232688124,15.580149623765262,0.829253679249868,8.948408868215399,3.543846021578003e-05
2013-12-24 21:10:00,96.64090802749496,52.96101975826278,114.66735208797928,-2.4021062110483298,74.18915139427082,1.0681337098428549e+18,1.8022434606381483,0.0012720586671029852,75.20676304076542,11.052939798083221,0.8718643881867708,8.948408868215399,3.485373590674056e-05
2013-12-24 21:20:00,105.07219633105635,60.23935948160927,116.62670269723381,-2.2817133648218304,73.16535588979377,1.073349719358244e+18,1.8540913569932798,0.001364551490457661,77.33943451421592,11.242191217952016,0.8730866460732671,8.948408868215399,3.4398199958848814e-05
2013-12-24 21:30:00,115.42209594262746,69.10085795546107,119.30402795414585,-2.3263598991465386,72.24624953156714,1.0751468690862495e+18,1.872653777388175,0.0013994870492871686,78.06837647709574,8.273565102879687,0.9041767540608734,8.948408868215399,3.358227998394395e-05
2013-12-24 21:40:00,126.39690945726322,78.69302423711193,121.58617319402998,-2.1890606827529364,70.78046881873757,1.0741681388176257e+18,1.8778476808708746,0.0014141924207280783,78.05313827522835,6.107681532553023,0.9274284453680154,8.948408868215399,3.307916737054131e-05
2013-12-24 21:50:00,136.67770948402296,87.73868651267155,123.54109015941245,-2.089204429585732,69.24294526228164,1.0723640448969606e+18,1.8825258145074404,0.0014267822986990366,78.03981575866217,4.815900121080524,0.9418760664856201,8.948408868215399,3.261156597472712e-05
2013-12-24 22:00:00,146.19594030015026,96.17537482421669,125.16126961436183,-2.0454003478149474,67.64974996752319,1.0731152021205358e+18,1.8859104646454834,0.001436016886777956,78.24095714379831,3.8763370591138675,0.952795119508743,8.948408868215399,3.2073950954133285e-05
2013-12-24 22:10:00,155.05054383056006,104.09601377884164,126.45279550790127,-2.048388638090798,65.97734737267031,1.0709685488102147e+18,1.885156670539574,0.0014380353511240936,78.13117964726571,2.871560420736943,0.9645498359891748,8.948408868215399,3.162437980522985e-05
2013-12-24 22:20:00,163.1710332354465,111.43757976116612,127.40380458574396,-2.0974191286331276,64.23615533137374,1.0666257069164352e+18,1.8802584777313047,0.0014326537022402433,77.74330276591229,2.1387403054625063,0.9732262693437681,8.948408868215399,3.1226639429472643e-05
2013-12-24 22:30:00,170.4865192427827,118.14059365026515,127.9906770601377,-2.192850261855715,62.426208457548604,1.060630755511237e+18,1.870748704816723,0.0014193792753856586,77.07769795570562,1.8676081282689312,0.9763430123852792,8.948408868215399,3.086552596203366e-05
2013-12-24 22:40:00,176.91499859940618,124.13766237150023,128.18231556990713,-2.3298690821989556,60.54389217721588,1.0534082140648198e+18,1.856677934316222,0.0013984752797446141,76.14874383884377,1.5783136477712247,0.9796941541490488,8.948408868215399,3.0541193297184416e-05
2013-12-24 22:50:00,182.36502294134613,129.3483277412251,127.95764382172426,-2.507288583276254,58.59676873410101,1.0451831583391896e+18,1.8384699899909285,0.001370718022262252,74.97436972130208,1.283607711731221,0.983167561546483,8.948408868215399,3.0255726004567317e-05
2013-12-24 23:00:00,186.78461803171223,133.72943085428193,127.29755920542047,-2.718462190941337,56.582465503348146,1.0358616670018163e+18,1.8162210263737784,0.0013366219452698308,73.54398967864178,1.0027980349935257,0.986548071811683,8.948408868215399,3.0022324276430793e-05
2013-12-24 23:10:00,190.1636750337292,137.27887188643976,126.1819323944504,-2.949541744949328,54.48580954242642,1.0250994615298286e+18,1.7896824459644964,0.0012964095000760631,71.82619718554318,0.9315292125724686,0.9871968344987124,8.948408868215399,2.985782940210829e-05
2013-12-24 23:20:00,192.4972651800975,139.99536401147236,124.6021621993024,-3.1891574711352018,52.300357699309956,1.0124415231598377e+18,1.7586276976296058,0.0012503677057198205,69.79011541713788,0.8861868803045366,0.9874613293070285,8.948408868215399,2.9781821465511538e-05
2013-12-24 23:30:00,193.784553376165,141.87857910254627,122.55835665747514,-3.4265332084161906,50.0263482330614,9.974667272249295e+17,1.7229665346534397,0.001198943803111988,67.42001293621017,0.8465129881310665,0.9875998818356563,8.948408868215399,2.9819301577813632e-05
2013-12-24 23:40:00,194.03013851850136,142.93310472205155,120.05297568453756,-3.648869341757464,47.665148875322025,9.79889797273758e+17,1.6826596847752968,0.0011426685940972266,64.71943182851084,0.8121452523380556,0.9876068105100526,8.948408868215399,2.998618335261651e-05
2013-12-24 23:50:00,193.2366274864223,143.1607189109848,117.09214602552896,-3.84279422829216,45.22248347447527,9.596968123702134e+17,1.637864319784255,0.0010822729028753199,61.72264170272295,0.7825736915448863,0.9874798656942689,8.948408868215399,3.0289063301699e-05
2013-12-25 00:00:00,190.2485299170394,142.05602158581775,111.8707503792015,-4.016099118294926,41.38530402062512,9.305153969124224e+17,1.6702003095919777,0.001057369160074247,60.9874469573918,0.7586532404287185,0.9877133416037909,8.948408868215399,3.0647272828727905e-05
2013-12-25 00:10:00,187.324454138744,140.5083748237362,108.22397105582527,-4.114174555965853,39.00261047948625,9.064404502879821e+17,1.6178999522457638,0.0009913034994282924,57.56100846055614,0.7367889898753419,0.9873616324784515,8.948408868215399,3.1196661487266605e-05
2013-12-25 00:20:00,183.25962152160758,138.0192180903382,104.17940143021167,-4.1639356076689324,36.62192045233819,8.821486974545062e+17,1.5653770992716225,0.0009271456441345932,54.20826295457501,0.7183222078867756,0.9869221396931536,8.948408868215399,3.1803986514785945e-05
2013-12-25 00:30:00,178.05382031541512,134.57560395475593,99.77572036380134,-4.165858115030028,34.27851276406485,8.589294442123342e+17,1.514669919944585,0.0008669141081282902,51.07587680851882,0.7028719879149921,0.9864254736884759,8.948408868215399,3.240781665613663e-05
2013-12-25 00:40:00,171.86500547812102,130.28473090364577,95.13312757226257,-4.129924808257136,32.02943409812756,8.379230261247972e+17,1.467118502870652,0.00081130743313541,48.263630561971226,0.6901101109445661,0.9859028114816489,8.948408868215399,3.294256304849339e-05
2013-12-25 00:50:00,164.77305116573282,125.1982193406532,90.31882973090562,-4.065181061670916,29.908846362804415,8.199804604584873e+17,1.4246220712707984,0.0007620346380882841,45.85912319738058,0.679753496224303,0.9853938568242729,8.948408868215399,3.341031425752689e-05
2013-12-25 01:00:00,156.9727060874001,119.5151876083927,85.30742672796758,-3.941849484860953,27.840325274615374,8.051836716014182e+17,1.3857717008533652,0.0007175784438220615,43.810565230045285,0.671557698754362,0.9849027507111274,8.948408868215399,3.382141189911592e-05
2013-12-25 01:10:00,148.74119446669414,113.52817382519254,80.03003444575344,-3.7077415957224344,25.682865337889087,7.936310963902659e+17,1.3492599254776851,0.0006754955194299188,42.068047945451255,0.665309340427988,0.9844311474060609,8.948408868215399,3.387953175387671e-05
2013-12-25 01:20:00,140.42636975119217,107.45646825336615,74.7796820546383,-3.4140227838186954,23.5799039438512,7.853719430105546e+17,1.3172970394081123,0.0006364308402388366,40.67152908840913,0.6608218786338991,0.9840119939182551,8.948408868215399,3.360330427332116e-05
2013-12-25 01:30:00,131.69100177932464,100.7784317074458,70.06464051649775,-3.2944750471411743,22.059884923806383,7.801519329789553e+17,1.2989864091342374,0.0006118651560116377,39.8298177727965,0.6579304831240114,0.9837498870284098,8.948408868215399,3.316103622110011e-05
2013-12-25 01:40:00,122.46878117405538,93.59469065531836,65.45866730157832,-3.2433296189379996,20.780921035120947,7.770224374304169e+17,1.2923307392620726,0.000600888587866068,39.429864908809684,0.6564875604126086,0.9836231654921298,8.948408868215399,3.259606961812526e-05
2013-12-25 01:50:00,113.12048184033411,86.2156058039148,61.057201138988944,-3.250921755239238,19.71753365640821,7.752489934529062e+17,1.2959998935648402,0.0006018647783969786,39.394064225531096,0.6563601234394771,0.9836116562031796,8.948408868215399,3.1909857306245636e-05
2013-12-25 02:00:00,104.12582409370839,78.87761792279352,57.44680585629632,-3.438924878123661,19.2275198546263,7.746248770448271e+17,1.313107268318919,0.0006168424419388718,39.79366876954637,0.6574261445564253,0.9837476304176078,8.948408868215399,3.1027003557806596e-05
2013-12-25 02:10:00,96.05170168978701,72.4796487477022,53.71434176976338,-3.434915257136411,18.371339410931462,7.735214597028036e+17,1.3239746455074444,0.0006231927891509527,40.01826676882024,0.6595716857512537,0.9837854785109131,8.948408868215399,2.9959371405193972e-05
2013-12-25 02:20:00,88.60377577626429,66.61725582310942,50.17459932680872,-3.3920237596661753,17.502373849556815,7.716792857382469e+17,1.3347718351138298,0.0006296786144969959,40.21405727465776,0.662688571318544,0.9837881280027633,8.948408868215399,2.8958136090227998e-05
2013-12-25 02:30:00,81.81518249340665,61.26205997891293,46.982362971519194,-3.356775651720454,16.741239494137098,7.692038215913825e+17,1.3481019701498271,0.0006389819073270321,40.45198415983968,0.6666730255943716,0.9837866051270143,8.948408868215399,2.7996664345303285e-05
2013-12-25 02:40:00,75.73849439680583,56.45755030752937,44.1572668807788,-3.3280397304146674,16.089548850974573,7.659941131157079e+17,1.3631467301496067,0.0006504014534716619,40.701497572404435,0.6714220336950851,0.9837714611371999,8.948408868215399,2.7047223801766e-05
2013-12-25 02:50:00,70.40612396589158,52.22995842891041,41.71331930308086,-3.304832382299184,15.550059678274078,7.620606772404872e+17,1.3791400537223955,0.0006632756892836146,40.939436471123415,0.6770488713385387,0.983731233770293,8.948408868215399,2.6126859197551624e-05
2013-12-25 03:00:00,67.46542361170947,50.56623512416134,38.32418012778971,-3.637877084829019,13.383545048339146,7.57495155410082e+17,1.3955885826913743,0.00067727719820711,41.15496593301959,0.6847109978355387,0.9836348880282441,8.948408868215399,2.5243941960226252e-05
2013-12-25 03:10:00,63.56464565302531,47.420343674563,36.69263000037478,-3.6477728091737176,13.132612114591838,7.524246746464649e+17,1.411858235282137,0.0006917383596070519,41.33591339918064,0.6928706372638274,0.9835143782255746,8.948408868215399,2.4402334026469005e-05
2013-12-25 03:20:00,60.4284260139837,44.8519154223232,35.498243351910844,-3.6647442475168868,13.039083365225776,7.469662219556605e+17,1.4275668751833543,0.0007063437499530902,41.47705601640213,0.7019121803609567,0.9833587161950818,8.948408868215399,2.361427269939828e-05
2013-12-25 03:30:00,58.037629546042496,42.84207468798052,34.74366541497964,-3.6868334342625455,13.11131523777146,7.411488143744741e+17,1.4420356085155783,0.0007203876713351504,41.56059620335113,0.7115912163956842,0.9831664444205395,8.948408868215399,2.288106294632611e-05
2013-12-25 03:40:00,56.36238601039533,41.36716433091247,34.41489034853961,-3.7140654444412293,13.345766422427388,7.349758434512704e+17,1.454948087703338,0.0007334950115136264,41.57791881532569,0.7216175149353512,0.9829402972812468,8.948408868215399,2.2202788628697544e-05
2013-12-25 03:50:00,55.36317144603888,40.39732251804098,34.48902757786977,-3.746908433952816,13.73383629538209,7.28379967791788e+17,1.4661597344933086,0.0007454514995910561,41.52138179785675,0.731960942036654,0.9826768512365397,8.948408868215399,2.1576519234481276e-05
2013-12-25 04:00:00,54.989908038731414,39.89553839313085,34.934646886117264,-3.7860298725096584,14.262472801146213,7.212211204640356e+17,1.4756604684189518,0.0007561559822612247,41.382961547208666,0.7426005774538496,0.9823717348802072,8.948408868215399,2.099961350408873e-05
2013-12-25 04:10:00,55.18132794789484,39.817067515098785,35.71176731633578,-3.8322524460157097,14.914381508224716,7.132939406451741e+17,1.4835659790684856,0.0007656193032286357,41.15426722927507,0.753529563347458,0.982019346732155,8.948408868215399,2.046738622741441e-05
2013-12-25 04:20:00,55.864627839131145,40.109057866364665,36.77204358824313,-3.8864675558613957,15.668321705156108,7.043446763686486e+17,1.4901022544505387,0.0007739554787913638,40.82696226574514,0.7647585952876843,0.9816127205257289,8.948408868215399,1.9975058605481156e-05
2013-12-25 04:30:00,56.95558991286728,40.71040312006673,38.05959052492527,-3.949527608238986,16.499833206976223,6.940950735974912e+17,1.4955821231431394,0.0007813649550287482,40.39340487739498,0.7763205705761942,0.9811434115207477,8.948408868215399,1.9515122037406722e-05
2013-12-25 04:40:00,58.35624966354453,41.54884802182072,39.51298022129254,-4.022746251777929,17.383789785684534,6.822780339629645e+17,1.5004421776751604,0.0007881795804769091,39.849647762067974,0.7882749878602267,0.9806024783129049,8.948408868215399,1.908351954358611e-05
2013-12-25 04:50:00,59.96198790085825,42.54773806269709,41.06536788581902,-4.1066126994169005,18.292321631913055,6.686585943941855e+17,1.5051022570000128,0.0007947211609055328,39.19257411230356,0.8007130588933757,0.97997881355774,8.948408868215399,1.8675926962361006e-05
2013-12-25 05:00:00,61.664318520958645,43.62791217121545,42.64669590058109,-4.2007544626699795,19.195930905239553,6.530696552547592e+17,1.5099561131666053,0.0008012951025755061,38.42157543249317,0.8137619380903461,0.9792594637226069,8.948408868215399,1.8287706664018185e-05
2013-12-25 05:10:00,63.34760015406687,44.70332581132142,44.18732823085292,-4.305005104424558,20.067828731324546,6.354542814463283e+17,1.5154664497444488,0.0008082923609597696,37.54347021197852,0.8275912183697669,0.9784318914431902,8.948408868215399,1.7915864951636567e-05
2013-12-25 05:20:00,64.89512651287086,45.68645340103386,45.6192328475227,-4.418767262118542,20.883109737401632,6.158862462153062e+17,1.522102062262785,0.0008161248704585333,36.571710592047225,0.8424190093230011,0.9774839340565028,8.948408868215399,1.7554010121484253e-05
2013-12-25 05:30:00,66.18242924895992,46.48292873646601,46.87255092927997,-4.541424274079359,21.61739561045108,5.945932731618678e+17,1.5307165391106605,0.0008258739910541211,35.537176233853216,0.8585179474103337,0.9764115517859171,8.948408868215399,1.719928113231389e-05
2013-12-25 05:40:00,67.10684427371717,47.01513860033276,47.89004690785501,-4.6712284031057,22.2515948425325,5.7194096057898534e+17,1.5415460160916616,0.0008375623135870496,34.46099176056606,0.8762243651381345,0.9752039220627577,8.948408868215399,1.6849642325248387e-05
2013-12-25 05:50:00,67.56597352539568,47.2058511097906,48.61380311138004,-4.806088615276557,22.765710011482298,5.484463342282432e+17,1.5551437348111392,0.000851721034487173,33.379729878589245,0.8959443719828838,0.9738606346462191,8.948408868215399,1.650274221295528e-05
2013-12-25 06:00:00,66.3209940158361,46.89583061023178,46.0913854484536,-4.613475908294636,20.85360376926157,5.247315645892718e+17,1.571900082505505,0.0008687629021308412,32.33255978694349,0.9181495502511898,0.9723870687707665,8.948408868215399,1.6155252583822507e-05
2013-12-25 06:10:00,65.64294675949458,46.26283356903224,46.069917367575236,-4.756270186609922,21.052971453181286,5.01526868611136e+17,1.592431983492303,0.0008893674325605419,31.370009435749502,0.9433912048153966,0.9708049544116658,8.948408868215399,1.5804805824248447e-05
2013-12-25 06:20:00,64.32290563960133,45.14499256491905,45.68784729161997,-4.894461316472531,21.12991113896848,4.796156628280647e+17,1.6176282990466961,0.0009147599461271151,30.549195499988638,0.9722251930609778,0.9691566822914377,8.948408868215399,1.5455114283464403e-05
2013-12-25 06:30:00,62.34073955739092,43.53041391199594,44.925986820318975,-5.0167778013364925,21.073775344359156,4.597789149137742e+17,1.6473496853740155,0.0009446522973043882,29.912954544693292,1.005134595463979,0.9674904037274903,8.948408868215399,1.511436552360505e-05
2013-12-25 06:40:00,59.6991074123663,41.42776698764792,43.7682467895081,-5.113310938608029,20.869777772265667,4.428021859762216e+17,1.6817411675906353,0.0009792506501368147,29.514343035792578,1.062978663075317,0.9652363711399004,8.948408868215399,1.4777312057844938e-05
2013-12-25 06:50:00,56.424171969305604,38.865497812873926,42.2060017600751,-5.173558120817902,20.502559281078636,4.2944283158408435e+17,1.7208184324873295,0.0010186619532841041,29.408667355347497,1.142591215942981,0.9626008462703172,8.948408868215399,1.4444021291660938e-05
2013-12-25 07:00:00,52.55515046828191,35.881364466034434,40.23961814247187,-5.18780030586391,19.960824059428433,4.204269670037563e+17,1.7645356682164888,0.001062947759075812,29.656726526046853,1.2349897079000995,0.9600219781074201,8.948408868215399,1.4114598859240667e-05
