,mer,zon
100,6.3907547,-12.28828
101,4.4551926,-10.838746
102,3.5151446,-9.233039
103,3.1774704,-7.6330566
104,3.0489974,-6.2007337
105,2.7365124,-5.0980477
106,1.9649245,-4.432671
107,0.9317742,-4.0949044
108,-0.047304045,-3.9207742
109,-0.6567741,-3.7464104
110,-0.5812189,-3.4080672
111,0.41758367,-2.793277
112,2.2694783,-1.9942551
113,4.827072,-1.1545404
114,7.9427733,-0.4178791
115,11.4688,0.0717791
116,15.257201,0.17031357
117,19.159943,-0.2664915
118,23.031647,-1.3775197
119,26.787476,-3.1796741
120,30.4034,-5.5676055
121,33.858795,-8.42984
122,37.134125,-11.6537695
123,40.211113,-15.125447
124,43.0728,-18.729565
125,45.70326,-22.349695
126,48.0872,-25.868773
127,50.20931,-29.169735
128,52.053684,-32.136154
129,53.60335,-34.65272
130,54.840034,-36.60549
131,55.74929,-37.914917
132,56.335953,-38.634827
133,56.60915,-38.85295
134,56.577526,-38.657528
135,56.249496,-38.13704
136,55.63344,-37.380005
137,54.737812,-36.474854
138,53.571247,-35.509846
139,52.142567,-34.57303
140,50.46079,-33.75225
141,48.540947,-33.11656
142,46.421562,-32.660465
143,44.14712,-32.359707
144,41.762238,-32.18992
145,39.311615,-32.12662
146,36.840046,-32.145256
147,34.392376,-32.22119
148,32.01351,-32.329742
149,29.7484,-32.446194
150,27.642014,-32.54578
151,25.739353,-32.603718
152,24.08544,-32.595196
153,22.725313,-32.495396
154,21.704023,-32.27948
155,21.066628,-31.922604
156,20.844612,-31.405712
157,21.015146,-30.732946
158,21.54182,-29.914246
159,22.38823,-28.959545
160,23.517971,-27.87878
161,24.894648,-26.681875
162,26.481861,-25.37876
163,28.243214,-23.97936
164,30.142307,-22.493603
165,32.142754,-20.931412
166,34.208153,-19.30271
167,36.302113,-17.61742
168,38.38824,-15.8854685
169,40.430145,-14.1167755
170,42.391426,-12.321262
171,44.242405,-10.507444
172,45.980198,-8.678209
173,47.60865,-6.8350353
174,49.13158,-4.9794006
175,50.552834,-3.112783
176,51.87623,-1.236662
177,53.105606,0.64748454
178,54.244797,2.538178
179,55.29763,4.43394
180,56.26794,6.333292
181,57.159557,8.2347555
182,57.976315,10.136854
183,58.722046,12.038106
184,59.400585,13.937036
185,60.01576,15.832166
186,60.5714,17.722013
187,61.071342,19.605104
188,61.51942,21.47996
189,61.91946,23.345098
190,62.275303,25.199047
191,62.59077,27.040323
192,62.8697,28.867449
193,63.115925,30.678947
194,63.33328,32.473343
195,63.525585,34.24915
196,63.69669,36.004898
197,63.850407,37.739105
198,63.99059,39.45029
199,64.12105,41.13698
200,64.245636,42.797695
201,64.36754,44.431274
202,64.48742,46.037857
203,64.60533,47.617886
204,64.72128,49.171795
205,64.83533,50.700024
206,64.94748,52.20299
207,65.057785,53.681118
208,65.16626,55.13481
209,65.27295,56.56448
210,65.37787,57.970516
211,65.48106,59.353317
212,65.58254,60.713257
213,65.68234,62.050724
214,65.7805,63.366077
215,65.87704,64.65969
216,65.97197,65.93193
217,66.06534,67.183136
218,66.157166,68.41366
219,66.247475,69.62385
220,66.33629,70.81403
221,66.42364,71.98454
222,66.50954,73.13571
223,66.59402,74.26785
224,66.67711,75.38128
225,66.75882,76.4763
226,66.83918,77.55322
227,66.91822,78.61235
228,66.99595,79.65397
229,67.07239,80.67837
230,67.14757,81.68584
231,67.221504,82.67665
232,67.29422,83.65109
233,67.36574,84.60943
234,67.436066,85.551926
235,67.50523,86.47884
236,67.573265,87.39044
237,67.64017,88.286964
238,67.70596,89.16868
239,67.77067,90.03581
240,67.834305,90.88862
241,67.8969,91.72733
242,67.95844,92.55218
243,68.01898,93.36339
244,68.078514,94.161194
245,68.13706,94.94581
246,68.19465,95.71746
247,68.25128,96.47636
248,68.30698,97.22271
249,68.36175,97.956726
250,68.41562,98.67861
251,68.4686,99.38856
252,68.5207,100.08678
253,68.57194,100.77345
254,68.62234,101.448784
255,68.6719,102.112946
256,68.720634,102.766136
257,68.76858,103.40852
258,68.81572,104.0403
259,68.86208,104.66163
260,68.907684,105.27269
261,68.95253,105.87365
262,68.996635,106.46468
263,69.04001,107.04594
264,69.082664,107.61759
265,69.12462,108.179794
266,69.16588,108.732704
267,69.20646,109.27648
268,69.24636,109.811264
269,69.285614,110.33721
270,69.32421,110.85446
271,69.362175,111.36317
272,69.399506,111.86346
273,69.43622,112.355484
274,69.47233,112.83938
275,69.50784,113.31527
276,69.54277,113.7833
277,69.57712,114.24359
278,69.6109,114.69628
279,69.64412,115.14148
280,69.676796,115.57933
281,69.70892,116.00993
282,69.740524,116.433426
283,69.77161,116.849915
284,69.80217,117.25952
285,69.83224,117.66236
286,69.8618,118.05854
287,69.89088,118.448166
288,69.91947,118.83136
289,69.94759,119.20821
290,69.97525,119.57884
291,70.00245,119.943344
292,70.0292,120.30182
293,70.055504,120.65437
294,70.08138,121.0011
295,70.10683,121.34209
296,70.13185,121.677444
297,70.15646,122.00726
298,70.180664,122.33163
299,70.204475,122.65063
300,70.22788,122.964355
301,70.25091,123.272896
302,70.27355,123.57634
303,70.29582,123.87477
304,70.317726,124.16827
305,70.339264,124.45691
306,70.36044,124.74078
307,70.38128,125.019966
308,70.401764,125.29453
309,70.42192,125.56457
310,70.441734,125.83013
311,70.46123,126.09132
312,70.48039,126.34817
313,70.499245,126.60078
314,70.517784,126.84922
315,70.53602,127.09356
316,70.55395,127.333855
317,70.57158,127.57017
318,70.58893,127.80259
319,70.60598,128.03117
320,70.62276,128.25597
321,70.63925,128.47705
322,70.65548,128.69447
323,70.67144,128.90831
324,70.687126,129.1186
325,70.70256,129.32542
326,70.71774,129.52884
327,70.732666,129.72888
328,70.74735,129.92561
329,70.76179,130.1191
330,70.775986,130.30939
331,70.789955,130.49652
332,70.80369,130.68057
333,70.81719,130.86159
334,70.83048,131.0396
335,70.843544,131.21466
336,70.85639,131.38684
337,70.869026,131.55618
338,70.881454,131.72272
339,70.89368,131.88649
340,70.90569,132.04756
341,70.91752,132.20598
342,70.929146,132.36177
343,70.940575,132.51498
344,70.95182,132.66568
345,70.96288,132.81387
346,70.973755,132.95961
347,70.98445,133.10295
348,70.99497,133.24393
349,71.00532,133.38255
350,71.01549,133.5189
351,71.0255,133.653
352,71.03534,133.78488
353,71.04501,133.91457
354,71.054535,134.04213
355,71.063896,134.16757
356,71.073105,134.29094
357,71.08215,134.41228
358,71.091064,134.5316
359,71.099815,134.64896
360,71.10843,134.76437
361,71.1169,134.87787
362,71.12523,134.9895
363,71.13342,135.09929
364,71.14148,135.20726
365,71.14941,135.31345
366,71.157196,135.41788
367,71.16486,135.52058
368,71.1724,135.6216
369,71.17981,135.72093
370,71.1871,135.81863
371,71.194275,135.9147
372,71.201324,136.0092
373,71.20826,136.10213
374,71.21508,136.19353
375,71.22179,136.28342
376,71.228386,136.37181
377,71.23487,136.45876
378,71.24125,136.54425
379,71.24753,136.62834
380,71.2537,136.71104
381,71.259766,136.79237
382,71.26573,136.87236
383,71.27161,136.95102
384,71.27738,137.02838
385,71.28306,137.10448
386,71.28864,137.1793
387,71.29413,137.2529
388,71.29953,137.32527
389,71.30485,137.39645
390,71.31007,137.46645
391,71.31521,137.5353
392,71.32026,137.603
393,71.325226,137.66959
394,71.33012,137.73508
395,71.33492,137.79948
396,71.339645,137.86282
397,71.34429,137.92513
398,71.34887,137.98639
399,71.35336,138.04663
400,71.35779,138.1059
401,71.36214,138.16417
402,71.36641,138.22148
403,71.37061,138.27785
404,71.374756,138.33328
405,71.37882,138.3878
406,71.38282,138.44142
407,71.38676,138.49414
408,71.390625,138.546
409,71.39443,138.597
410,71.39818,138.64717
411,71.401855,138.6965
412,71.40548,138.74501
413,71.409035,138.79272
414,71.41254,138.83965
415,71.415985,138.88579
416,71.41937,138.93118
417,71.4227,138.97581
418,71.42598,139.01971
419,71.4292,139.06288
420,71.432365,139.10535
421,71.435486,139.1471
422,71.438545,139.18817
423,71.44156,139.22856
424,71.44453,139.26828
425,71.44744,139.30734
426,71.45031,139.34576
427,71.453125,139.38354
428,71.4559,139.4207
429,71.458626,139.45724
430,71.46131,139.49318
431,71.46394,139.52853
432,71.46654,139.5633
433,71.46909,139.59749
434,71.4716,139.6311
435,71.47407,139.66417
436,71.476494,139.69669
437,71.47888,139.72867
438,71.48123,139.76013
439,71.483536,139.79106
440,71.48581,139.82149
441,71.48804,139.85141
442,71.490234,139.88083
443,71.49239,139.90977
444,71.49452,139.93823
445,71.496605,139.96622
446,71.498665,139.99374
447,71.50068,140.02083
448,71.50267,140.04745
449,71.50462,140.07364
450,71.506546,140.09938
451,71.50844,140.12471
452,71.51029,140.14963
453,71.51212,140.17412
454,71.513916,140.19821
455,71.515686,140.22191
456,71.517426,140.24521
457,71.519135,140.26813
458,71.52082,140.29066
459,71.52247,140.31282
460,71.5241,140.33463
461,71.525696,140.35606
462,71.527275,140.37715
463,71.52882,140.39789
464,71.53034,140.41827
465,71.53184,140.43832
466,71.53331,140.45805
467,71.53476,140.47745
468,71.53618,140.49654
469,71.53758,140.51529
470,71.538956,140.53375
471,71.54031,140.5519
472,71.54164,140.56975
473,71.54295,140.5873
474,71.54424,140.60455
475,71.54551,140.62154
476,71.54675,140.63823
477,71.54798,140.65465
478,71.54919,140.6708
479,71.55037,140.68668
480,71.55154,140.7023
481,71.55268,140.71767
482,71.55381,140.73277
483,71.55492,140.74763
484,71.55601,140.76224
485,71.55708,140.77661
486,71.558136,140.79074
487,71.55917,140.80464
488,71.560196,140.81831
489,71.561195,140.83176
490,71.56218,140.84499
491,71.563156,140.85799
492,71.56411,140.87077
493,71.56505,140.88335
494,71.56597,140.89572
495,71.56688,140.90788
496,71.56777,140.91985
497,71.56865,140.93161
498,71.56951,140.94318
499,71.57036,140.95456
